102116
65738
76656
87615
90820
61984
62184
63601
72440
74067
74267
74398
75240
75290
76217
76353
76354
76414
76435
76439
76693
76863
77323
77511
77514
77516
77521
77608
77714
77931
77936
77940
78201
78313
78315
78333
78453
78455
78571
78586
78588
78596
78668
78771
78778
78796
78875
78878
79008
79010
79071
79079
79180
79197
79201
79220
79307
79313
79342
79351
79551
79620
79641
79745
79768
79854
79901
79902
79935
80002
80020
80229
80237
80243
80373
80405
80501
81097
81336
82009
82021
82177
82429
82430
82431
82568
82593
82607
82694
82698
82699
82701
82879
83110
83118
83664
85263
85265
85774
85963
85970
86064
86157
86341
86345
86350
86427
86428
86449
86451
86555
86585
86598
86599
86708
86830
86985
86999
87004
87063
87072
87097
87101
87191
87216
87218
87223
87229
87231
87235
87342
87352
87470
87493
87500
87608
87609
87617
87623
87626
87641
87818
87924
88029
88148
88251
88299
88397
88484
88495
88500
88502
88514
88606
88843
89073
89075
89081
89170
89171
89177
89179
89180
89407
89479
89732
89763
89918
89986
90197
90432
90434
90436
90508
90532
90661
90866
90913
90933
90938
91055
91059
91167
91174
91485
91486
91564
91590
91591
91704
91716
91826
91829
91969
91970
92062
92199
92200
92217
92236
92456
92611
92823
92899
93425
93920
94157
94274
94570
94666
94674
94765
95664
95831
96404
96450
96978
96990
96993
97151
97298
97869
97872
97988
98134
98207
98244
98868
99129
99139
99227
99228
99232
99295
99428
99543
99544
99552
99567
99680
99750
99815
99822
99955
99968
100455
100459
100625
100738
100812
100826
100831
100832
100918
100919
100921
100922
101133
101178
101180
101188
101201
101306
101324
101543
101692
101698
101699
101700
101702
101703
101714
101881
101891
101900
101901
101902
101903
101906
102160
102459
102753
102756
102893
102911
102912
103017
103211
103212
103370
103372
103481
103502
103590
103595
103601
103611
103612
103617
104060
104241
62218
