..............................................................................................................................................................................................................................................................................................................
number of bugs: 302
number of attachments: 877
number of R+: 315
number of R-: 85
0.13
78.01
1.6647222222222222
5.699166666666667
6.1097222222222225
0.535
0.9163888888888889
5.168888888888889
0.045000000000000005
0.9991666666666668
5.227222222222222
0.3880555555555556
0.1991666666666667
0.25972222222222224
1188.2316666666666
0.041944444444444444
0.2602777777777778
11.323611111111111
35.450833333333335
5.733888888888889
0.052222222222222225
0.2541666666666667
1.748888888888889
0.6000000000000001
1.0005555555555556
4.340277777777778
1.611388888888889
7.747222222222222
13.8425
10.560833333333333
22.941944444444445
0.05805555555555556
1.8627777777777779
1.7261111111111112
0.16472222222222224
4.832777777777778
13.469444444444445
7.7444444444444445
2.061111111111111
1.1377777777777778
3.4763888888888888
0.4905555555555556
0.21444444444444447
0.06277777777777778
11.75
72.0586111111111
0.405
0.43694444444444447
17.19472222222222
0.1902777777777778
0.16972222222222222
1.7541666666666669
2.0011111111111113
0.5236111111111111
0.9222222222222223
185.68166666666667
32.673611111111114
1.3955555555555557
0.635
4.838055555555556
8.951944444444445
0.17722222222222223
0.2513888888888889
12.7525
1.7266666666666666
0.20277777777777778
0.037500000000000006
0.05027777777777778
0.29555555555555557
0.5891666666666667
1.1544444444444444
2.39
34.93638888888889
7.3775
7.174166666666666
1.38
1.7491666666666668
0.13777777777777778
0.7583333333333334
4.983611111111111
0.8022222222222223
0.07444444444444445
2.5052777777777777
25.11888888888889
2.214166666666667
1.3952777777777778
0.05388888888888889
6.1425
13.888333333333334
9.61138888888889
7.445555555555556
8.489722222222222
12.018055555555556
0.04944444444444445
0.3902777777777778
0.8633333333333334
10.169166666666667
0.2366666666666667
0.025555555555555557
87.24166666666666
14.369444444444444
3.0433333333333334
0.21861111111111112
0.07388888888888889
0.07138888888888889
8.862222222222222
7.189722222222223
0.47222222222222227
0.5944444444444444
0.06416666666666668
0.1413888888888889
0.20861111111111114
0.05694444444444445
0.47750000000000004
0.7702777777777778
2.457222222222222
5.956111111111111
0.7261111111111112
0.1988888888888889
4.2491666666666665
3.026666666666667
8.508611111111112
6.495555555555556
7.25
7.538888888888889
16.8925
4.828888888888889
12.828611111111112
0.711388888888889
9.494166666666667
7.454722222222222
22.197777777777777
0.19138888888888891
3.502222222222222
0.19222222222222224
0.043888888888888894
9.443888888888889
0.1275
0.04111111111111111
0.6127777777777779
119.39583333333333
0.3813888888888889
8.847222222222221
11.303888888888888
0.27111111111111114
0.051388888888888894
38.25944444444445
3.536111111111111
0.08916666666666667
9.459166666666667
1.4236111111111112
10.59388888888889
34.86333333333334
1.0272222222222223
8.983333333333334
4.251944444444445
0.02527777777777778
8.520555555555555
5.011388888888889
67.91083333333333
2.8680555555555554
4.541388888888889
4.400555555555556
0.10111111111111112
3.8355555555555556
48.100833333333334
8.549166666666666
31.90888888888889
12.399722222222222
6.928888888888889
14.526388888888889
0.03805555555555556
0.036388888888888894
0.12805555555555556
13.324444444444444
7.371666666666667
6.992222222222222
7.163888888888889
6.637222222222222
0.08888888888888889
7.518611111111111
4.9511111111111115
0.2555555555555556
57.81722222222222
0.4216666666666667
0.21055555555555558
0.03388888888888889
17.65888888888889
9.8225
0.23694444444444446
31.64666666666667
28.634444444444444
0.027222222222222224
3.718611111111111
0.009166666666666667
11.902222222222223
18.934166666666666
29.76888888888889
0.6969444444444445
10.049166666666666
0.5691666666666667
0.6058333333333333
0.6386111111111111
8.480277777777777
5.211111111111111
3.8875
1.0886111111111112
810.1166666666667
0.15944444444444444
0.1938888888888889
39.3675
13.755555555555556
23.799722222222222
62.06527777777778
13.165277777777778
0.0675
0.9347222222222222
0.01388888888888889
0.1575
323.61555555555555
8.363333333333333
0.16666666666666669
10.905
7.3197222222222225
2.6980555555555554
0.06916666666666667
0.0625
1.6655555555555557
27.66583333333333
1.4411111111111112
8.048333333333334
252.8202777777778
8.512777777777778
3.7308333333333334
0.8986111111111111
2.4408333333333334
1.648888888888889
1.4375
93.35055555555556
0.1413888888888889
395.83
0.04277777777777778
0.736388888888889
0.02416666666666667
3.036388888888889
5.793888888888889
0.5186111111111111
0.03027777777777778
1.553611111111111
6.568611111111111
6.756388888888889
10.888333333333334
0.7686111111111111
0.2719444444444445
0.24472222222222223
0.031111111111111114
8.88861111111111
4.596388888888889
0.3661111111111111
14.72888888888889
0.13611111111111113
41.329166666666666
22.62472222222222
119.72694444444444
11.763333333333334
0.6369444444444445
0.7758333333333334
4.307777777777778
0.1875
8.850555555555555
0.095
0.028333333333333335
0.6366666666666667
0.053611111111111116
4.041666666666667
0.4402777777777778
0.05
0.1875
0.023611111111111114
5.235833333333334
2.6977777777777776
0.12444444444444445
0.9155555555555556
12.735555555555555
112.94194444444445
11.573611111111111
0.7425
9.115277777777777
3.948888888888889
5.365555555555556
24.789166666666667
4.018611111111111
0.3408333333333334
1.9441666666666668
6.088611111111111
8.044444444444444
4.4686111111111115
10.400277777777777
6.359166666666667
6.179166666666666
85.53416666666666
86.675
9.386666666666667
175.94611111111112
9.535
0.17555555555555558
5.8036111111111115
0.08722222222222223
0.17916666666666667
8.424444444444445
5.798055555555556
2.1955555555555555
2.018611111111111
4.412222222222223
71.06333333333333
5.259444444444444
0.02638888888888889
69.05194444444444
0.6133333333333334
0.03222222222222222
0.41861111111111116
0.7625000000000001
9.129166666666666
10.607222222222223
11.081944444444444
9.965555555555556
9.587777777777777
0.3163888888888889
11.769722222222223
0.24916666666666668
6.121944444444445
13.904166666666667
14.026944444444444
7.2747222222222225
8.251944444444444
1.0477777777777777
11.883611111111112
0.5422222222222223
2.252222222222222
2.3705555555555557
7.204722222222222
0.03416666666666667
11.926666666666666
11.958055555555555
0.23861111111111113
0.05722222222222222
0.3011111111111111
0.04638888888888889
14.075555555555555
57.60583333333334
0.1988888888888889
0.26805555555555555
68.17944444444444
0.18583333333333335
14.857777777777779
1.8086111111111112
0.02777777777777778
7.451666666666667
0.9933333333333334
0.6663888888888889
0.3427777777777778
1.0622222222222222
5.4880555555555555
0.25722222222222224
73.65638888888888
0.06194444444444445
0.027222222222222224
1.4233333333333333
1.0983333333333334
0.38277777777777783
10.566944444444445
0.11361111111111112
1.1936111111111112
7.870833333333334
421.8886111111111
1.881388888888889
1.6525
14.18138888888889
1.7002777777777778
0.13527777777777777
0.05472222222222223
0.15555555555555556
0.11527777777777778
0.2463888888888889
6.086666666666667
6.718333333333334
0.07138888888888889
2.191666666666667
2.874722222222222
0.6902777777777778
0.017777777777777778
6.207222222222223
0.059444444444444446
104.05527777777777
103.72666666666667
0.4197222222222223
15.600555555555555
0.9683333333333334
7.010277777777778
9.359444444444444
